country	isocode	year	smfn	iwmfn	pwmfn	lnsmfn	l_lnsmfn	dlnsmfn	lniwmfn	l_lniwmfn	dlniwmfn	lnpwmfn	l_lnpwmfn	dlnpwmfn	lngdppc	wlrca	wlxm	lsitc3	wlrcac	wlxmc	lsitc3c	tradeshare	fsharec	f_rca	f_xm	f_sitc	growth	dunemp	dxr	imf	polity	govcons	cu	eu	checks2a	checks3	polcon3	polcon5	xicrca
argentina	ARG	1992	13.4057	14.2197	10.1143	2.59568	NA	NA	2.65463	NA	NA	2.31396	NA	NA	NA	NA	NA	NA	NA	NA	NA	NA	NA	NA	NA	NA	NA	NA	NA	NA	NA	3.13543	NA	NA	NA	NA	NA	NA	NA
argentina	ARG	1998	15.7179	15.9781	15.0359	2.7548	2.59568	0.159113	2.77122	2.65463	0.116592	2.71044	2.31396	0.396486	8.66143	0.9581	0.9312	0.6006	0.29403	0.366783	-0.100993	0	-22.6443	-6.6581	-8.30553	2.28692	0.0886897	6.9	0.031566	8	7	3.13543	1	0	2.85714	3.28571	0.451341	0.553038	1.19947
australia	AUS	1996	6.07	5.08	4.7	1.80336	2.65395	-0.850587	1.62531	2.61813	-0.992814	1.54756	2.50471	-0.957147	9.83312	-0.308	-0.1202	0.2029	-0.97207	-0.684617	-0.498693	5.31274	-17.3315	16.8475	11.8655	8.64313	0.400395	1.38	-0.0619875	0	10	18.8503	0	0	2	4.27273	0.511137	0.866959	1.48233
australia	AUS	1988	14.21	13.71	12.24	2.65395	NA	NA	2.61813	NA	NA	2.50471	NA	NA	NA	NA	NA	NA	NA	NA	NA	NA	NA	NA	NA	NA	NA	NA	NA	NA	NA	18.8503	NA	NA	NA	NA	NA	NA	NA
austria	AUT	1988	10.9581	11.7382	11.235	2.39408	NA	NA	2.46285	NA	NA	2.41904	NA	NA	NA	NA	NA	NA	NA	NA	NA	NA	NA	NA	NA	NA	NA	NA	NA	NA	NA	18.9482	NA	NA	NA	NA	NA	NA	NA
austria	AUT	1996	6.71077	6.00351	8.18339	1.90371	2.39408	-0.490363	1.79235	2.46285	-0.670507	2.10211	2.41904	-0.316928	10.222	0.8542	0.4497	0.7917	0.19013	-0.114717	0.0901067	0	-22.6443	-4.30536	2.59769	-2.0404	0.308877	1.73	0.0948773	0	10	18.9482	1	1	3	6	0.425844	0.737672	1.69534
bolivia	BOL	1993	9.52601	9.35477	9.51815	2.25403	NA	NA	2.23589	NA	NA	2.2532	NA	NA	NA	NA	NA	NA	NA	NA	NA	NA	NA	NA	NA	NA	NA	NA	NA	NA	NA	11.7555	NA	NA	NA	NA	NA	NA	NA
bolivia	BOL	1998	9.83448	9.45384	9.97461	2.2859	2.25403	0.0318685	2.24642	2.23589	0.0105345	2.30004	2.2532	0.0468423	6.72427	-0.0468	-0.5906	0.5479	-0.71087	-1.15502	-0.153693	9.08191	-13.5624	9.64108	15.6648	2.08445	0.275373	-1.3	0.0587837	8	9	11.7555	0	0	4.42857	4.85714	0.298453	0.298453	1.70179
brazil	BRA	1990	39.2629	29.7823	32.4151	3.67028	NA	NA	3.39391	NA	NA	3.47863	NA	NA	NA	NA	NA	NA	NA	NA	NA	NA	NA	NA	NA	NA	NA	NA	NA	NA	NA	19.2921	NA	NA	NA	NA	NA	NA	NA
brazil	BRA	1998	16.9057	17.6218	15.6711	2.82765	3.67028	-0.84263	2.86914	3.39391	-0.524778	2.75182	3.47863	-0.726808	8.31345	0.3693	-0.2668	0.5588	-0.29477	-0.831217	-0.142793	0	-22.6443	6.67486	18.8223	3.23345	0.562394	0.9	-0.298222	2	8	19.2921	1	0	4	4.42857	0.655031	0.849502	1.59935
canada	CAN	1988	9.08	6.86	9.19	2.20607	NA	NA	1.92571	NA	NA	2.21812	NA	NA	NA	NA	NA	NA	NA	NA	NA	NA	NA	NA	NA	NA	NA	NA	NA	NA	NA	22.6804	NA	NA	NA	NA	NA	NA	NA
canada	CAN	1996	9.23	5.72	14.95	2.22246	2.20607	0.0163848	1.74397	1.92571	-0.181739	2.70471	2.21812	0.486595	9.85897	0.0133	0.0811	0.542	-0.65077	-0.483317	-0.159593	75.7035	53.0593	-34.5294	-25.6444	-8.4679	0.253614	1.9	-0.182189	0	10	22.6804	0	0	2	4	0.450108	0.858964	0.493043
switzerland	CHE	1988	4.36	4.25	3.66	1.47247	NA	NA	1.44692	NA	NA	1.29746	NA	NA	NA	NA	NA	NA	NA	NA	NA	NA	NA	NA	NA	NA	NA	NA	NA	NA	NA	13.9261	NA	NA	NA	NA	NA	NA	NA
switzerland	CHE	1996	3.22	4.03	3.28	1.16938	1.47247	-0.303091	1.39377	1.44692	-0.0531526	1.18784	1.29746	-0.10962	10.7354	0.9676	0.8053	0.8429	0.30353	0.240883	0.141307	70.6991	48.0548	14.5861	11.5756	6.79046	0.142071	4	0.0725791	0	10	13.9261	0	0	5	6	0.625494	0.88194	1.55199
chile	CHL	1998	10.9774	10.9462	10.986	2.39583	2.39583	0	2.39299	2.39205	0.0009427	2.39662	2.39668	-5.63e-05	8.09639	1	1	1	0.33593	0.435583	0.298407	0	-22.6443	-7.60689	-9.86346	-6.7572	0.478619	1.05	0.242554	0	8	9.7547	0	0	4	4	0.440905	0.740182	1.33407
chile	CHL	1991	10.9774	10.9359	10.9866	2.39583	NA	NA	2.39205	NA	NA	2.39668	NA	NA	NA	NA	NA	NA	NA	NA	NA	NA	NA	NA	NA	NA	NA	NA	NA	NA	NA	9.7547	NA	NA	NA	NA	NA	NA	NA
colombia	COL	1991	6.95754	5.82826	8.63532	1.93983	NA	NA	1.76272	NA	NA	2.15586	NA	NA	NA	NA	NA	NA	NA	NA	NA	NA	NA	NA	NA	NA	NA	NA	NA	NA	NA	9.39286	NA	NA	NA	NA	NA	NA	NA
colombia	COL	1998	12.8027	11.5086	13.9293	2.54966	1.93983	0.60983	2.44309	1.76272	0.680376	2.634	2.15586	0.478135	7.65879	0.8899	0.4411	0.5193	0.22583	-0.123317	-0.182293	12.4038	-10.2405	-2.31262	1.26283	1.86678	0.345305	5.45	0.572178	0	8.5	9.39286	0	0	2	2	0.444744	0.444744	1.16121
czech republic	CZE	1993	9.81325	10.8322	10.557	2.28373	NA	NA	2.38252	NA	NA	2.35679	NA	NA	NA	NA	NA	NA	NA	NA	NA	NA	NA	NA	NA	NA	NA	NA	NA	NA	NA	22.916	NA	NA	NA	NA	NA	NA	NA
czech republic	CZE	1998	6.25937	5.71017	6.56488	1.83408	2.28373	-0.449654	1.74225	2.38252	-0.640275	1.88173	2.35679	-0.475052	8.56973	0.6231	0.3578	0.7177	-0.04097	-0.206617	0.0161067	80.8584	58.2141	-2.38503	-12.028	0.937635	0.118644	2.65	0.394642	2	10	22.916	0	0	4	5.57143	0.566203	0.761065	1.08776
ecuador	ECU	1998	12.6589	11.0804	12.2708	2.53836	2.30845	0.229907	2.40518	2.1485	0.256682	2.50722	2.27636	0.230864	7.29656	0.7764	0.6587	0.3516	0.11233	0.0942827	-0.349993	9.29353	-13.3508	-1.49969	-1.25875	4.67268	-0.601893	3.2	-0.0808546	3	9	8.60757	0	0	3	3.71429	0.0959456	0.685855	1.39997
ecuador	ECU	1993	10.0588	8.57197	9.74111	2.30845	NA	NA	2.1485	NA	NA	2.27636	NA	NA	NA	NA	NA	NA	NA	NA	NA	NA	NA	NA	NA	NA	NA	NA	NA	NA	NA	8.60757	NA	NA	NA	NA	NA	NA	NA
eu	EU	1988	7.43	5.99	7.32	2.00553	NA	NA	1.79009	NA	NA	1.99061	NA	NA	NA	NA	NA	NA	NA	NA	NA	NA	NA	NA	NA	NA	NA	NA	NA	NA	NA	19.7772	NA	NA	NA	NA	NA	NA	NA
eu	EU	1996	9.54	6.56	7.89	2.25549	2.00553	0.249968	1.88099	1.79009	0.0908992	2.0656	1.99061	0.0749857	9.98247	0.892	NA	0.763	0.22793	NA	0.0614067	0	-22.6443	-5.16131	NA	-1.39051	0.270748	1.51	0.0812463	0	9.91667	19.7772	1	1	NA	NA	NA	NA	1.39422
finland	FIN	1988	7.99539	6.40852	6.08317	2.07886	NA	NA	1.85763	NA	NA	1.80553	NA	NA	NA	NA	NA	NA	NA	NA	NA	NA	NA	NA	NA	NA	NA	NA	NA	NA	NA	21.6458	NA	NA	NA	NA	NA	NA	NA
finland	FIN	1996	6.71077	5.81053	8.46393	1.90371	2.07886	-0.175151	1.75967	1.85763	-0.0979565	2.13581	1.80553	0.330288	10.1969	0.9453	0.8753	0.8129	0.28123	0.310883	0.111307	0	-22.6443	-6.36825	-7.03972	-2.52046	0.190184	11.79	-0.141052	0	10	21.6458	1	1	5.72727	5.54545	0.541619	0.774988	0.971598
indonesia	IDN	1993	20.3503	16.3041	20.5397	3.01309	NA	NA	2.79142	NA	NA	3.02236	NA	NA	NA	NA	NA	NA	NA	NA	NA	NA	NA	NA	NA	NA	NA	NA	NA	NA	NA	8.84404	NA	NA	NA	NA	NA	NA	NA
indonesia	IDN	1998	16.3987	11.5072	14.0383	2.7972	3.01309	-0.215888	2.44297	2.79142	-0.34844	2.64179	3.02236	-0.380572	6.65501	0.7042	0.4945	0.6438	0.04013	-0.0699172	-0.0577933	8.50576	-14.1385	-0.567379	0.988527	0.817113	0.343479	12	-0.497334	2	-7	8.84404	0	0	1	1	0	0	1.3755
india	IND	1990	84.8727	74.0481	78.6231	4.44115	NA	NA	4.30472	NA	NA	4.36467	NA	NA	NA	NA	NA	NA	NA	NA	NA	NA	NA	NA	NA	NA	NA	NA	NA	NA	NA	11.5962	NA	NA	NA	NA	NA	NA	NA
india	IND	1998	34.0575	28.7594	30.4814	3.52805	4.44115	-0.913101	3.35896	4.30472	-0.945753	3.41712	4.36467	-0.947547	5.77765	1	1	1	0.33593	0.435583	0.298407	0	-22.6443	-7.60689	-9.86346	-6.7572	0.421321	-0.02	-0.258426	3	8.16667	11.5962	0	0	4.71429	7.28571	0.526036	0.623085	0.648587
iceland	ISL	1988	7.55	8.69	6.92	2.02155	NA	NA	2.16217	NA	NA	1.93442	NA	NA	NA	NA	NA	NA	NA	NA	NA	NA	NA	NA	NA	NA	NA	NA	NA	NA	NA	19.8264	NA	NA	NA	NA	NA	NA	NA
iceland	ISL	1996	4.52	3.02	9.47	1.50851	2.02155	-0.513035	1.10526	2.16217	-1.05692	2.24813	1.93442	0.313713	10.1931	0.9772	0.9824	0.8019	0.31313	0.417983	0.100307	74.6889	52.0446	16.2967	21.7538	5.22043	0.283019	3.76	-0.113012	0	10	19.8264	0	0	2.36364	5.45455	0.520465	0.770757	1.60914
japan	JPN	1996	6.73	3.5	3.36	1.90657	1.93007	-0.0234959	1.25276	1.34286	-0.0901018	1.21194	1.39377	-0.181825	10.5955	1	1	1	0.33593	0.435583	0.298407	0	-22.6443	-7.60689	-9.86346	-6.7572	0.414834	0.85	-0.0760331	0	10	13.3077	0	0	2.81818	3.81818	0.549049	0.758206	0.99279
japan	JPN	1988	6.89	3.83	4.03	1.93007	NA	NA	1.34286	NA	NA	1.39377	NA	NA	NA	NA	NA	NA	NA	NA	NA	NA	NA	NA	NA	NA	NA	NA	NA	NA	NA	13.3077	NA	NA	NA	NA	NA	NA	NA
south korea	KOR	1991	14.1011	11.4411	13.1449	2.64625	NA	NA	2.43721	NA	NA	2.57603	NA	NA	NA	NA	NA	NA	NA	NA	NA	NA	NA	NA	NA	NA	NA	NA	NA	NA	NA	10.4597	NA	NA	NA	NA	NA	NA	NA
south korea	KOR	1998	12.0004	10.5953	11.5331	2.48494	2.64625	-0.161312	2.36041	2.43721	-0.076798	2.44522	2.57603	-0.130813	8.98311	1	1	1	0.33593	0.435583	0.298407	0	-22.6443	-7.60689	-9.86346	-6.7572	0.525424	4.54	-0.231525	2	6	10.4597	0	0	3	4	0.452545	0.662965	1.59402
sri lanka	LKA	1993	29.4471	33.3641	36.8425	3.3826	NA	NA	3.50748	NA	NA	3.60665	NA	NA	NA	NA	NA	NA	NA	NA	NA	NA	NA	NA	NA	NA	NA	NA	NA	NA	NA	9.75937	NA	NA	NA	NA	NA	NA	NA
sri lanka	LKA	1998	23.1588	20.4432	28.0366	3.14237	3.3826	-0.240221	3.01765	3.50748	-0.489829	3.33351	3.60665	-0.273142	6.37808	1	1	1	0.33593	0.435583	0.298407	0	-22.6443	-7.60689	-9.86346	-6.7572	0.256123	-4.1	0.043221	5	5	9.75937	0	0	3	3.42857	0.395307	0.452413	1.21684
morocco	MAR	1998	21.5402	18.6536	26.5448	3.06992	3.2288	-0.158879	2.92604	3.09133	-0.165285	3.27884	3.24632	0.032515	7.17811	1	1	1	0.33593	0.435583	0.298407	0	-22.6443	-7.60689	-9.86346	-6.7572	0.152125	-1.8	0.101835	2	-7.33333	15.4946	0	0	2	1	0.377122	0.519867	1.3348
morocco	MAR	1993	25.2493	22.0062	25.6956	3.2288	NA	NA	3.09133	NA	NA	3.24632	NA	NA	NA	NA	NA	NA	NA	NA	NA	NA	NA	NA	NA	NA	NA	NA	NA	NA	NA	15.4946	NA	NA	NA	NA	NA	NA	NA
mexico	MEX	1988	10.6	10.47	10.97	2.36085	NA	NA	2.34851	NA	NA	2.39516	NA	NA	NA	NA	NA	NA	NA	NA	NA	NA	NA	NA	NA	NA	NA	NA	NA	NA	NA	8.38401	NA	NA	NA	NA	NA	NA	NA
mexico	MEX	1996	13.94	14.07	17.96	2.63476	2.36085	0.273908	2.64405	2.34851	0.295531	2.88815	2.39516	0.492983	8.0669	-0.1255	0.3176	0.4885	-0.78957	-0.246817	-0.213093	78.7136	56.0693	-44.2706	-13.8389	-11.948	0.232837	1.2	0.0044028	4	1.33333	8.38401	0	0	2	2	0.303421	0.303421	0.247462
malaysia	MYS	1998	17.4601	8.09406	9.79587	2.85992	2.6029	0.257017	2.09113	2.43585	-0.344716	2.28196	2.63887	-0.356906	8.04046	0.9418	0.8277	0.6997	0.27773	0.263283	-0.0018933	28.8688	6.22448	1.72873	1.6388	-0.0117851	0.352347	0.3	-0.230754	0	3.83333	13.794	0	0	7	6	0.515428	0.640639	1.55313
malaysia	MYS	1993	13.5029	11.4255	13.9973	2.6029	NA	NA	2.43585	NA	NA	2.63887	NA	NA	NA	NA	NA	NA	NA	NA	NA	NA	NA	NA	NA	NA	NA	NA	NA	NA	NA	13.794	NA	NA	NA	NA	NA	NA	NA
norway	NOR	1996	2.97368	2.65919	1.91358	1.0898	1.48197	-0.392167	0.978021	1.67837	-0.700349	0.648978	1.05766	-0.408684	10.2695	0.7828	0.8159	0.7548	0.11873	0.251483	0.0532067	77.3585	54.7142	6.49622	13.7597	2.91116	0.372531	1.7	-0.0464922	0	10	20.7691	0	0	2.18182	5.18182	0.511797	0.769023	2.47756
norway	NOR	1988	4.4016	5.35681	2.87963	1.48197	NA	NA	1.67837	NA	NA	1.05766	NA	NA	NA	NA	NA	NA	NA	NA	NA	NA	NA	NA	NA	NA	NA	NA	NA	NA	NA	20.7691	NA	NA	NA	NA	NA	NA	NA
new zealand	NZL	1988	14.51	14.77	13.17	2.67484	NA	NA	2.6926	NA	NA	2.57794	NA	NA	NA	NA	NA	NA	NA	NA	NA	NA	NA	NA	NA	NA	NA	NA	NA	NA	NA	17.012	NA	NA	NA	NA	NA	NA	NA
new zealand	NZL	1996	8.68	7.53	6.21	2.16102	2.67484	-0.513817	2.01889	2.6926	-0.673703	1.82616	2.57794	-0.751781	9.61806	0.2125	0.3166	0.5613	-0.45157	-0.247817	-0.140293	22.3734	-0.270864	0.122314	0.0671249	0.0380005	0.220903	0.53	0.0840899	0	10	17.012	0	0	1.81818	3	0.321159	0.730897	1.26118
poland	POL	1992	14.4678	12.0795	14.261	2.67193	NA	NA	2.49151	NA	NA	2.65753	NA	NA	NA	NA	NA	NA	NA	NA	NA	NA	NA	NA	NA	NA	NA	NA	NA	NA	NA	19.2905	NA	NA	NA	NA	NA	NA	NA
poland	POL	1998	24.6863	14.6262	27.6807	3.20625	2.67193	0.534319	2.68282	2.49151	0.191308	3.32073	2.65753	0.663205	8.00316	0.477	0.0869	0.6328	-0.18707	-0.477517	-0.0687934	74.2468	51.6025	-9.65329	-24.6411	-3.54991	0.337329	-3.62	0.398418	3	7.66667	19.2905	0	0	4	4.14286	0.324813	0.720834	0.531085
sweden	SWE	1996	6.57762	4.91781	4.5783	1.88367	1.54878	0.334895	1.59286	1.52568	0.0671831	1.52133	1.18795	0.333378	10.2129	0.9251	0.7819	0.8234	0.26103	0.217483	0.121807	0	-22.6443	-5.91084	-4.92474	-2.75822	0.160819	6.34	-0.0205334	0	10	27.5208	1	1	2.36364	4.54545	0.496266	0.765917	2.07105
sweden	SWE	1988	4.70571	4.59827	3.28035	1.54878	NA	NA	1.52568	NA	NA	1.18795	NA	NA	NA	NA	NA	NA	NA	NA	NA	NA	NA	NA	NA	NA	NA	NA	NA	NA	NA	27.5208	NA	NA	NA	NA	NA	NA	NA
thailand	THA	1993	44.1963	36.8509	42.0261	3.78864	NA	NA	3.60688	NA	NA	3.73829	NA	NA	NA	NA	NA	NA	NA	NA	NA	NA	NA	NA	NA	NA	NA	NA	NA	NA	NA	9.40462	NA	NA	NA	NA	NA	NA	NA
thailand	THA	1998	23.1995	15.0673	23.8857	3.14413	3.78864	-0.644512	2.71253	3.60688	-0.89435	3.17328	3.73829	-0.565011	7.60021	0.8573	0.8001	0.7201	0.19323	0.235683	0.0185066	16.5776	-6.06674	-1.17228	-1.42983	-0.112275	0.0894905	1.9	-0.171996	2	9	9.40462	0	0	5.71429	5.28571	0.474287	0.65041	1.0414
turkey	TUR	1996	10.03	8.94	11.79	2.30558	3.82886	-1.52328	2.19054	3.70549	-1.51496	2.46725	3.86367	-1.39642	7.85899	0.5357	0.3547	0.6511	-0.12837	-0.209717	-0.0504934	0	-22.6443	2.90685	4.7489	1.14339	0.641739	-2.9	0.0904177	2	8.5	10.9624	1	1	1.85714	4	0.435384	0.622986	1.2492
turkey	TUR	1988	46.01	40.67	47.64	3.82886	NA	NA	3.70549	NA	NA	3.86367	NA	NA	NA	NA	NA	NA	NA	NA	NA	NA	NA	NA	NA	NA	NA	NA	NA	NA	NA	10.9624	NA	NA	NA	NA	NA	NA	NA
united states	USA	1996	6.2	3.67	4.95	1.82455	1.82616	-0.0016116	1.30019	1.37877	-0.0785744	1.59939	1.53687	0.0625203	10.1712	0.6965	0.3703	0.5838	0.03243	-0.194117	-0.117793	27.9307	5.28642	0.171438	-1.02618	-0.622704	0.328917	-0.08	0	0	10	17.0202	0	0	4	4.81818	0.400338	0.852444	1.69307
united states	USA	1988	6.21	3.97	4.65	1.82616	NA	NA	1.37877	NA	NA	1.53687	NA	NA	NA	NA	NA	NA	NA	NA	NA	NA	NA	NA	NA	NA	NA	NA	NA	NA	NA	17.0202	NA	NA	NA	NA	NA	NA	NA
venezuela	VEN	1992	19.8536	16.0911	16.7318	2.98839	NA	NA	2.77826	NA	NA	2.81731	NA	NA	NA	NA	NA	NA	NA	NA	NA	NA	NA	NA	NA	NA	NA	NA	NA	NA	NA	8.42475	NA	NA	NA	NA	NA	NA	NA
venezuela	VEN	1998	12.9542	12.2648	12.8198	2.56142	2.98839	-0.426969	2.50674	2.77826	-0.271529	2.55099	2.81731	-0.266321	8.11662	0.0031	0.5969	0.4353	-0.66097	0.0324827	-0.266293	6.71151	-15.9328	10.5311	-0.51754	4.24279	-0.121828	3.7	0.752519	3	8.33333	8.42475	0	0	4	4.42857	0.392055	0.732041	0.981921

